$ANSIBLE_VAULT;1.1;AES256
38616139653532313966633736363161656365343730383433393839666133373832336162356263
6331323366643334636430636165356465363439356561620a386263613430306662366235336264
66313032316337646161393365373330373030653738303262633035353965396230393030346634
3931313135393666390a643430646362626666633066666165386531623536373932353830356431
64383665333935646438643538636362653837346137303336613235626566393936396366663563
38656664376362396137363062306236616237346266646332636337613339336439306566373166
34363563313934666563343231353761623932666332313962376439623365373335366531646133
38643433383162323164323763376237353363313334636262393836636138356261653465336564
38633935626563366166623930383731616239623766393635643462623031346261356365393037
63373464636535663938336530306465613939306665326232633162613936666231346565323630
63646439333062343732346631666461363134636132663237353232303262373031373764666337
62633764333663336565653837626337616233616165326666373464626235636136353432333561
36393535623339613965383963303363663938643265303263393738343763363237343739613934
65613231623237393865336663366661633436323939353438626461663764356535653665333661
39396432666631353633613563366462396462326432373832663466313233633831666461666639
65656435646530613964333934376134353163316231313238356433376130363539633363636664
33646632373633333031386236353639396537336235353036376130323336636261363831303431
32663534356434633035313164313334323130623361363739393232336435663466386636323833
62626435623630373531363037353365316462613735396566396537333035313261363031616539
37646463313938626430323636303937326230313963343434313365626333663933646632343439
32313964653030393939396633343165643137633132303232356262356632326137313562646361
37646632353262633738343065386366343161623961386365343837666563326439363061363238
31386639646462333730363533303965653237626261333539383236316565663036653632303338
32303137393637303836613162306566646234373931353734333039643738613763316631303630
38313039343932653237643132306136613531376663363363623736636666653934326666623865
31646162613536356131313832336531316663376437313433353363333866656334333831333961
64303561366231646366613532303531373265376131313639633139613434396134626338646435
33366336353932646337626663633638373062363237306365613938643934643036333336646330
64356330306530636536376535653062373130653062666132336661363866346639613337363362
35613561626331626164613433633238643930396632333838666330383134343332393734386532
64663432323465626437386662316230376237353734363935653535343263356237306234333337
31363766633337646361376665376465666562316437393334663239353130363737353963356133
61353338333366373764636261323330343666333134613432613463323534613632663932356566
3536346638393737353133613735653166343662396365343338
