$ANSIBLE_VAULT;1.1;AES256
31656165393932373961346332383437613965666162333236636532373539326531663337393033
3964626238653065646134643738313635383965373464390a643164366631306564373232363231
33636631393732326334643533613734643264633333623032366334363062353731363534653462
3434313437623732650a393734303932636465303539646433343866353731636637623637613037
30326536343261623765346635306334633237343162393732313864336437346366383566633632
30623137626261353237633230356666353966363563373438643263323538336433333136626266
63323433363736643763313035613134633430323165383539613930343436643530356132646239
32316365366534336264636263653861323736316262396566396535393131343234616135366563
32633465373136336535643634376661663864343232613963373465623339383165633335666666
35623466356237656463343566373163323438343664653966616364353261363765333732646562
64356531633564303739373761333738326439313561336137363462333933346331353630663535
35623534373136663237636630626137643365616566633963366532396463333762653130653335
64333736313233326564633466666464623366383236323163303533383139346333303037373666
61376233383761646238373766316266393730373763373636336663643639393465613066653033
64366639656561336239383165366333353135333864396663356261383134356261663564323234
38366633303565663562633833663866633861653630346537353137333763616138323935343864
62333461613064666562663461333030316335376238636132643130346662626237363463343063
39346334626335376364323930356434616261663639353434373231613334353361656433396162
66343033313763383036393830653334626437336338653430653832376561313862666635353966
66383832353330616438636165333662323834353336613662613761626431376466396431613139
34623930373862623730313363323865393036336236343239306134323637653766613734323636
61663466613439336332626337346531373637306638383036616363333739396539383030373834
65633633383730313739353363303664373631303132366132323833303461353739343637333063
31373831346137623466653835346535373130313134646231333031396664616131663736396233
39303131636561656361363434623735393937333663383537633263376436336261643831393866
36366662336231313665353563393239633036623461623230393566386234363538353137336636
34316237666231356238326365363266356239346532633063313436313432653839393234666536
36613261623461323663376330363335313236313631643531376631343362643131643737393965
63393766363866656161333838336264376330313732383835653633663435643534343861303430
33386361303462653162313434396539613564393633613433633033623237326633616535653863
66323062666637663862613465343033343936386666303230626265363262653536383431333239
37326337316161343735656433376333653661653664366164316562646266643136653362663366
61353039353535623733333466653466383766643531396336393130613664336263366437383261
35623436373031386466316535373032313335393436353435633361643131663236326636366661
38316233333833323036646632353665383833353430313564363033626336346663396566376665
37323766663561386135376563323764616239633164363662323762616632636564376533386266
66303139343764626565356338613236653936393539343862376337316162336539643634636433
34396538396261343134323933666236353830373830656566633937313330316333353931336132
36663239663361643330663564646464613231383831646264366566666164666161633138383965
31363364333834626632393466653938376263316462366530376133313038383235623238396366
33623237383766633634633734663335303037313631383066656466633939323861386232313232
64313036663132333563656265663261663435623266666265653765336566623035623536303764
36663865316666333864376263373462613132303637643864643735336137393037616266346165
37643138613839333537653037396462383865616562313062633132636362346233373233373235
64666639363763323035303335353136636533363237343931383831313266616238633332326366
65663132656165376566393332363563646432323462386331373064623937336462656332396362
37313637623865386133353862336237373266386435336437353662383464346662363534396334
62336138623436653966323265333937616637303063653362653531373434313133306438663761
65346364343633383233376135393537343234346333313231626366376338363861633738356336
65343066303936623635636130393131323437313366633032626264333930623665323630633031
36643336326662346362653838613038386661363065323139356266326234343532623532326135
33656161623936336334653635366666326332643032636532623237313264623835646166343732
36323362373633386263323636373039653562303837346366656631303835313038633837373461
36633730373835303034623138376233356236643062316333656337373063303134306134383637
39313630316664666337353438623663653937353637343565333562323963323139666561666535
63313934613934396130666563316236643035363732613434323036633566336636326236306235
37303131663564306339363133663232356562643333383933353362633363616662376464313433
36623861303234373137663035366662396535366336346139643839363336653936353336343737
32623539646333373235393537626162303966323133663364343739626530363837643437653661
38643935343738646139373333346437303535336232363934316533373461633534626131323465
32653764373338343732613139393031336161366236353837663735623066333633366163343664
61346563646639633834343866313864313132663034316330323638646265363266353664613035
34346231643465303063656465363437613132373531366633313065646465393830333537613664
66336366643461323434316562353466373330376461643664386166616635396433386164303764
38366161643032613638333832396437666236343132343262653932646430333462623961333733
39353834373164353164623665363963333932666534383231353061303239383063396436663132
63666162653836653766633365623330313063313763366639356538336239666134393361353834
37383433313730396237333865326361363563353562393132636331343061306133663134363433
35663962633431396566393965616336633665646465336264636265343163646233366530366663
66366535613863356530653731353938303965386336383665666135653930343339316561343233
37663635323462316630656636396262313736336438663833626133316662656638616462633136
33623833633339323662666330393531626335623437643361313335336336343163316632623232
39653635366138626138303634646338633261343239663633313332623234303261353763613365
34366437363730373564383062373038636662323738346331613339383038643138353064656336
30393437373739383430393264653238343039323763306163303361333731363463623239626530
38613739343032363563333565366237636462303166343665316438323434363237313433393432
37626233306430373036663238643732663435376237346536303161653139666334343565303462
35363732636136323862306363636665626232613461353132333462323934353130613036623430
61383961633264626561313530393032656662663039313339616164303138316535653539666631
62323962613265376262336538363239386632373266643233303837643664393761373939333032
62613833643536306362663430633037633461646164626230333531633362663161366562373036
30323837366262393663323661373732656266613063346438393838383139653432636536663862
35666264373762306630336362376438656434346534303130613637343165383534313735376332
61663937376165366636313737343162343339653630346235363665616662303263653835363533
63623532343663313035396265366637323733643031353037613463643764316237616536363731
65306132646430653230656636363466643032343264343866643538656630616563653139613966
36353236616436363631623736616638653138326237623837663861346431646436636238393863
66333537343764363533
