$ANSIBLE_VAULT;1.1;AES256
33363931666533343662303462336232656237626635363261353336633836643665666463383061
3335386163363763396534636138393730653835323130320a633036356566323733373431616630
34613364343863353634323535613863326235666135353037333330313966323139636237316630
6666373361396362370a636662636462623737353937363131633237363231633764313466633633
62383638633736376662333534363538666261643966343166653736316433643337383335316135
32356134653036353035663339353366616564633533333662663739623432623539383636326666
37656264323930643261656535376434646335373730373035616565346536643332643963323931
34666461653262313365623261653662623563363038383766383130386666343737373366303337
30366537666432356338663261613131323631313033336131396437646435383936326538626263
65396437613363366534373434643434356636363761626232353332346439653062643433613839
39356463396563313066353236333462333935626231653739633034643936356332393464303935
38616261636165316361613139393663396638616334633866626464356162376561643637643631
66316230346337633639616630343838326462396538373238396363326161396335363865643434
6265303634363164313731616339316464393834336363336230
